100
4 2
5 2
6 2
1000 1000
1000 1
999999 2
883205 810205
999999 499997
999999 524288
1000000 475713
372696 309466
500000 131071
923307 908675
998550 838322
999999 999999
1000000 321175
4 1
643217 597217
999999 430751
500000 127
576289 553729
653110 507216
999999 127
999999 1
500000 249998
500000 249999
1000000 475712
1000000 128
999999 262144
434897 354165
999999 499999
999999 524287
912339 904785
740949 572174
1000000 524288
1000000 498747
3 2
500000 237856
5 1
1 1
781092 768083
1000000 1
500000 499999
1000000 127
1000000 999999
1000000 500000
500000 500000
729293 555621
929546 895455
304740 274576
977614 929852
896391 747625
999999 999998
500000 128
500000 2
654536 546927
999999 262143
617578 494982
1000000 499999
500000 1
353401 330078
952645 749003
548811 465171
500000 131072
1000000 1000000
2 1
809948 802465
500000 237857
500000 262143
500000 262144
1000000 262144
973187 828634
694943 656278
322577 290105
500000 250000
715364 565480
987930 963172
500000 258706
418533 335621
999999 475712
500000 166192
3 1
1000000 499998
999999 128
834667 628166
994762 902421
802666 738901
668404 557995
705134 657038
1000000 2
1000000 262143
999999 477164
409473 396217
999999 475711
1000000 524287
2 2
999999 499998
368961 345140
807459 767345
539194 532098

